"species","x","y","GBR_msk_alt","bio10","bio19","bio2","bio3","bio7","bio8","bio9","w001001","totareaco2181","layer","aspect","slope"
"species",1,1,71.0044366107263,161.274135745646,247.453059550937,77,35,216.391379326177,44.3632648877343,147.274135745646,33.4728539546719,205.387931704105,0.258430708695112,149.973382953983,0.987968946802558
"species",2,2,48.2621489456291,162.555120470428,226.423603714331,79,36,218.258069811196,44.628021438101,147.877147097216,23.8026830448737,89.9688058965758,0.110295592634205,123.138871215564,1.17540430179814
"species",3,3,116.249675212634,135.261600371829,172.393158356223,72,38,186.843512508458,116.485961330855,47.1564874915416,23.5543227011521,55.496814168297,0.180261863783638,63.6983869549474,0.757848377759026
"species",4,4,241.843525405682,151.172028222835,352.994409164153,57,32,173.04344173729,51.234926553976,132.583024070524,22.8979481896577,12.2978565395616,0.363784199133051,242.590930325102,0.908590202863747
"species",5,5,81.9308115072909,155.816231580393,133.632357645117,74,35,208.999905901413,68.8162394986625,58.0000272536206,25.3462933262737,122.395431295825,0.33429663345275,76.2180930127337,0.386579354168581
"species",6,6,77.1323972634012,159.746677661901,141.229134611139,74.7538233967,34.7538233967,213.721487817739,69.0251898441612,59.7790132408611,25.2417012293755,1140.08799723451,0.210880072789083,128.517894791799,0.520679922727915
"species",7,7,72.7733095280077,154.023940231074,253.711947401934,53.0037625579377,31.0037625579377,167.742213911638,79.2817263194359,111.295577713942,21.0330759052011,37.1261870045865,-0.029275769130551,171.772423692061,1.205192607489
"species",8,8,78.1693233981458,154.048526916621,254.046557809676,53,31,168.6937370678,78.3547898488209,111.048526916621,20.7825652522556,32.4453005127453,0.158889656908836,152.628367154828,0.988943147892419
"species",9,9,62.6607635357869,147.402767569577,212.330189838744,65,34.369575544641,185.630424455359,67.4027675695769,54.4027675695769,27.419501344106,79.9485175985753,-0.0406728392298527,195.716910891916,1.98578118552871
"species",10,10,218.025026959178,140.411875435469,247.413859054916,65,34,187.033868999372,59.2223449722564,80.9973768526422,22.2582231166225,51.7990057972056,0.0495837815164023,138.29146717243,2.82529242820176
"species",11,11,141.946455265275,144.675048522648,293.269247757647,61.2059918182771,33.1011629175673,181.310820718987,64.570219621938,104.675048522648,25.8757061600708,174.865064229878,-0.201401163825594,163.76440557174,4.13531114811906
"species",12,12,443.753139376231,141.110722968483,409.369851246714,60,32,184.480866522282,36.3569735401553,125.837840062438,20.0918286003649,1.83399722826076,-0.117004562666769,153.293350676714,1.9577553166861
"species",13,13,339.908840374836,131.088431990092,343.865604726556,70.8367844868542,35.943369622705,194.603078361866,25.0318016127971,90.7414651105138,23.9516514500388,32.4520574108462,-0.0586067294567537,204.021395017356,5.21524945165892
"species",14,14,233.502940761154,147.651746354839,314.201281372898,65.9189542076161,33.9189542076161,193.918954207616,39.702078437673,104.702078437673,16.9513999664689,41.9460351793497,0.160066731715645,252.40966833244,1.16496336993769
"species",15,15,163.279920932303,153.781143177532,342.677044933863,62,33,185.465402105502,49.4072246937387,137.977712167288,18.4477811348913,30.0818534759541,0.120293346829259,209.526333294512,0.956814263743768
"species",16,16,76.4221531668439,156.673152876701,248.657321678597,72,36,198.592554983612,52.1318863032904,111.458733426589,39.8776341835973,164.885695062551,0.29791816621993,147.485226704425,0.731644406915757
"species",17,17,164.947985700306,152.539140440867,260.467375964438,71.0964715319866,35.0964715319866,199.826901311553,44.070110751155,106.539140440867,21.3544309434098,18.4449993301463,-0.0778833175397412,151.077323077423,1.92413496044444
"species",18,18,32.0673557286583,156.861126835561,149.861189029024,69.8811204114647,33,209.59405740179,40.8811204114647,58.8811204114647,32.0129942273264,62.879156819268,0.266803064401285,224.989925037648,0.563268883691476
"species",19,19,89.1183224275409,158.585797420204,147.776162829256,75,35,213.892278791495,98.2701327098707,59.3870372574198,37.3177616248574,860.693178309559,0.147222096486398,143.026887293105,0.682026376617252
"species",20,20,107.957795801512,157.230272131537,151.043183028494,75,35,212.94018796839,53.2016010837143,58.2302721315369,33.3788585938716,516.785318295927,0.323652757418874,201.08121333495,0.606689775415346
"species",21,21,392.619004312841,129.668871692276,305.399521714699,71,36,193.750808715136,23.9180629771397,87.7066857528292,19.4280658823908,20.0253093066585,-0.0236765669485592,151.346984057585,3.67718390560478
"species",22,22,449.676906024668,126.919826412093,339.765576101086,70.0423174384167,36,193.111072672909,20.9198264120927,84.9621438505094,18.1557004259771,9.03550383049078,-0.123823546037606,173.097778300855,4.23761313804962
"species",23,23,39.4457652162641,156.16505120095,185.701531528125,71.987387335805,36.771885478075,194.21550185773,51.894258412645,61.894258412645,24.339518561169,381.90293639094,0.319717720894718,115.919587799662,0.760602047454468
"species",24,24,161.79516269352,148.507827557694,237.985622435136,67.4491365092181,34,194.733665845073,38.5078275576938,123.385330952129,22.2377767760077,30.962405351806,-0.0307973792373842,156.456055185543,1.63841725306877
"species",25,25,47.818190261801,163,179.050844686187,71,35,201.997147591098,76,117.943417660983,38.452115886372,129.646363604622,0.278741420174972,198.157746408703,0.315057072974914
"species",26,26,67.2300773855895,161.288638172998,172.185880620275,68.9037753457064,34,200.896772399545,75.1359794104815,115.288638172998,35.8541051274175,112.826753808135,-0.0113551425334463,212.254457940523,1.63603250946367
"species",27,27,95.0869163413237,153.592421543589,131.084095160005,74,35,209.77760395715,81.8884739370321,55.6429651703671,26.6060153020027,30.0625118071636,0.312390678260722,144.202275746294,0.55121267755277
"species",28,28,114.722021940871,156.165365766792,325.090974142186,58.7845742451713,33.7845742451713,171.414693987886,59.9329887788313,115.165365766792,20.4712919717638,69.4107741777151,0.113556894736011,220.953870225439,1.0633397081442
"species",29,29,237.623572616356,149.023263841515,360.717023650708,60.7505022333364,32.8518230264953,182.492580208386,46.7341410452662,133.476219020316,19.4788023755383,36.390724825953,-0.0993659174737185,107.52595223238,1.89305056759445
"species",30,30,67.9551950160719,160.976245588535,208.615815166085,76.9102027328612,36,208.976245588535,50.9102027328611,146.910202732861,25.3736246746121,99.346036654781,0.287908163875095,206.444435693324,1.04291959942943
"species",31,31,54.9506880131265,162.238832607475,214.186227583512,77,36.0619956922841,209.501589385403,51.7372432220716,147.238832607475,26.4038199566087,41.997801134653,0.214472391622746,143.207326598432,0.858258922451977
"species",32,32,119.317839958317,163.436263401789,167.651294598048,77.4362634017891,34.2077392951859,222.188608910018,67.2077392951859,58.9124420001633,41.184050644107,263.895050261476,0.26015985647207,133.148134925969,0.612693771240944
"species",33,33,81.0305314386585,160.353963313828,170.077035384769,78,36,214.210287359603,69.5690013014022,60.5690013014022,45.8767947619424,1587.62591197587,0.271316084450194,168.448145310329,0.560369341260917
"species",34,34,96.7186905334843,158.324760468437,217.665361482351,76,35,214.852006390526,42.8758464560532,145.324760468437,42.7486375940479,993.084417925009,0.248774935775657,132.713523526112,0.553149183821726
"species",35,35,162.149939856203,153.484332940974,193.268341930092,75,35.0659052304203,209.102087770034,42.3163399405194,55.0345711123674,29.5864782076743,615.735520379592,0.187516147318614,159.774511355659,0.719912691608073
"species",36,36,164.205958600023,153.763915874453,192.547533260356,75,35,209.236084125547,42.6789041662701,55.1900673266536,27.7007858325635,76.3858210650241,-0.0516254648567359,163.196525304804,0.770307381573798
"species",37,37,168.372985001147,152.615625999985,184.082077359653,74.7975032911978,35.7975032911978,207.797503291198,42.6156259999849,55.8852714403725,23.5688309853699,26.1524715592466,0.0190225678876237,161.889963059456,1.0249730088096
"species",38,38,139.204195932723,153.949854418196,186.006776250814,74.9229974224298,35.9229974224298,207.154729932698,44.2585895060346,58.9498544181958,25.8509455968062,484.691597670553,0.30691052650012,131.807671900248,0.786993017181862
"species",39,39,146.420061340683,149.80166803884,181.47805787458,74.315269970059,37,199.19833196116,43.6322664372749,53.8016680388402,55.6492285643593,2994.1608466629,0.320849680084937,100.795178632982,0.544765560017257
"species",40,40,376.064432961651,125.880416140643,282.625799053215,71,36,194,20.8804161406435,85.1002577272372,15.343894021681,18.2078908421118,-0.248387559701169,112.369152728825,3.36109484010765
"species",41,41,241.417951216045,132.871115509921,201.608003335835,71.8553267411932,37.2073668581068,190.550191454851,47.8751978746778,82.1858073166034,22.6531465465404,48.0019603640425,-0.10254967682307,107.629293588592,1.79323040402916
"species",42,42,262.647975176228,147.392074024225,432.83580832938,62,32,191.399583995889,36.9924900283361,133.451644707382,20.8727561191081,39.914910873463,-0.0896792955026999,155.00403898933,2.5621545028084
"species",43,43,297.399965003782,145.13590155282,456.94511911704,61,32,188.630158055313,36.0404093505691,131.13590155282,21.0811778356645,67.7281575412992,-0.128482555671061,142.880707360044,1.72661734434478
"species",44,44,140.331812585707,133.506139240418,184.338643230763,72,38,186.773638932272,46.5941925960745,87.5485004576023,15.9812177044492,14.4351473315483,0.299384081576313,121.327237769401,0.91552093373704
"species",45,45,317.078059246964,130.616482399802,241.619848449161,71.2111434941385,36.2111434941385,191.935225247777,26.6812571520256,90.4701136578871,28.5688473624325,55.3236800546015,-0.183211013958204,101.103416833139,2.7143954939053
"species",46,46,441.281314123627,123.86691285794,299.929941109578,71,36,193.732130975496,19.7174690498594,83.8268814908512,20.6642858145232,30.04543604377,0.0733518533673265,113.589340239695,3.67583397587342
"species",47,47,43.2050665061986,161.124224556358,132.117895479119,73.8757754436416,33.5406686139059,217.210882273377,161.124224556358,49.9536363929597,44.1381199326618,704.196724582319,0.32771643647311,121.257711347067,0.609627191343191
"species",48,48,31.0912827756305,162.087223583695,157.680348073574,66,32,204.105721968443,57.7999622612205,63.0872235836947,30.2004990316215,70.6895244518129,0.24829273855383,164.428998334577,0.4942799711317
"species",49,49,40.0459582254482,167.445718529622,160.110641689544,64,31,204.778180109583,75.3337692100195,66.593501770448,25.9495093890637,34.5031296298217,0.208716110360487,125.465294111768,0.412399686678476
"species",50,50,19.6690941209599,159.596208231049,149.718810607651,64,32,196.827555422967,77.7686528080817,61.5962082310491,33.4523881011794,182.494388706328,0.249248873701919,173.187037957085,0.287132551757327
"species",51,51,48.4555207124436,154.669577350367,162.573510284206,66.9844247380486,32.9844247380486,199.850363937135,44.8347886751837,63.971347265782,29.6969341048036,66.7793432022852,0.252561233223531,157.595038656825,0.381632842065075
"species",52,52,27.539444811988,163.971591284594,157.805011007272,65.7033933709174,31.8659010431619,203.837492327755,74.1665802773213,63.8374923277554,34.330394856874,95.3492891228571,0.285292317114701,222.176246047611,0.461789455696989
"species",53,53,29.0693947141284,169.036049361151,158.611905679073,64,31,204.75238489365,76.2836644675016,67.8226245009379,29.2642818404765,63.4742046591424,0.340575338828023,147.159217525455,0.325666720854799
"species",54,54,45.7179148208014,156.560294349793,163.562844961008,66.2209535074896,32.2209535074896,200.785999833269,44.9991497962615,102.625753376845,37.1477858227938,108.445024949572,0.28238507862073,167.820250210037,0.348153844945106
"species",55,55,25.1846309912098,157.173024611623,145.867227143118,70.1601689747986,33,212.152687034227,42.7754477298684,59.193362189019,27.5104527188877,99.7171433396845,0.245065757128405,253.817096692972,0.498869246800975
"species",56,56,32.388182734079,158,143.708815224728,69.1084871511606,33,208.002853070078,70,60,30.5959920575326,107.477990583358,0.324180733439926,243.802144474173,0.356183429845259
"species",57,57,34.1940662146219,158.885856300469,146.769996773949,67.519091028119,32.519091028119,204.924038356707,72.672730141694,60,49.0818984572841,59.0549333266944,0.294767051651133,170.925312287919,0.232236070655716
"species",58,58,126.531808237364,141.271596560577,291.870093201762,70,35,195.407812997185,55.3858647826378,102.271596560577,23.8127745702711,41.285382840819,-0.174084326757887,164.582441512307,3.1846665432527
"species",59,59,139.416802438648,138.860169914003,285.483742685078,69.8320159245919,36,190.324275289155,55.7038787002561,101.042230984117,30.2253332892444,37.4958479730864,-0.10302770427744,217.78692710046,3.49244000772666
"species",60,60,142.572060377924,138.611384000756,286.461274517576,70,36,190.138533932259,55.3073303387073,100.611384000756,27.2368451266034,62.551819866834,-0.190673778726138,206.55126117383,2.37987447015274
"species",61,61,171.667330741559,137.99000364268,313.952073574448,70,35,195.354507704789,42.7270886152741,99.1191124906539,30.1644435492022,211.563288501079,0.0199521911848991,205.164862549131,5.28227423600979
"species",62,62,218.849288035287,135.441518444029,308.800224196825,69.34753343284,35.832847041908,191.167152958092,52.093985011189,96.9562048349611,18.5985337264668,26.4899823581789,0.024805216656057,151.773726932133,5.67836099658372
"species",63,63,87.2672241775347,143.188158943251,284.749416082662,69,35,195,57.1881589432515,104.188158943251,21.7682097098574,103.4391694124,0.144194257611924,129.631301603457,2.25171172083072
"species",64,64,187.499045377178,138.434173899598,309.130792488732,69.7402870047188,35,195,52.8650681308511,98.9736116057505,18.6193337958383,49.9867012437603,-0.0475549202529545,201.989754223244,2.77442676915486
"species",65,65,97.6506131823302,138.524741437449,323.328096619359,71,37,188.475258562551,47.0717975798033,100.524741437449,47.0537291181002,1263.8207717086,0.216438946276878,235.791919393059,1.38553595201874
"species",66,66,71.2729480427585,139.727658000562,280.871786729429,72.029634691454,37.029634691454,191.435110764565,57.1880533387402,100.727658000562,54.2304701462558,472.488586222773,0.0286152543719971,178.429887828673,1.34116984761422
"species",67,67,264.896508898136,131.165863395872,384.356127037095,70.9449858473875,36,192.099530694283,25.1160980487306,90.1658633958722,24.8763560775997,10.1590199694797,-0.0426754700890682,125.137823644674,2.02747271250394
"species",68,68,115.079977917708,139.263135754855,311.319173344443,71.483117851618,36.9510280789072,191.532089772711,44.0981373159919,99.7310459821443,40.3497251820316,245.467817459354,-0.0873453933927985,113.915196413216,1.9627181403386
"species",69,69,215.636254903369,131.776253203974,312.719989439718,72,37,190.122890276008,43.0273473432105,93.2080787947979,34.7993372484032,156.343465523608,0.330559573910866,139.535865644665,0.801276114921541
"species",70,70,125.966060368788,135.372299264308,424.023218212742,69,36.5804634083729,186.419536591627,33.6878241548616,97.1944847281645,28.3447110898608,49.2753591523267,-0.172858169003431,117.579503594289,3.44320473628577
"species",71,71,105.187700537375,137.846845301957,322.969556996293,71,37,188.051789308571,56.8196668921961,99.8196668921961,51.2653106063232,298.018087996408,0.0673441061813819,304.434083750096,0.92327700289423
"species",72,72,212.711661552163,132.266775306817,329.802096391435,71.0913216146289,37,189.698281687434,37.4809696307221,93.2667753068172,37.0638447765084,130.526730390576,0.20806267957038,258.951593074858,1.00042482718849
"species",73,73,102.845260522182,139.154431371619,246.183764352528,73,38,191.681228683161,60.611305342388,100.154431371619,52.2081704753979,323.397568944755,0.0592317841813468,138.259603119623,1.43970023621158
"species",74,74,68.2258550184308,164.470077454153,190.758823542432,77.8491838601303,34,227.515311063053,38.4846889369472,60.3338727970775,49.6877416488238,1231.33737146908,0.229929082582557,162.11653755937,0.599143340520772
"species",75,75,79.8479132020534,158.215008149554,196.510353125707,75.4450267093874,35,211.026360490296,44.9399640106958,61.215008149554,37.190127817512,275.677213152424,0.289513731128918,252.648670499376,0.728553612753066
"species",76,76,119.777242425054,154.807037151608,222.470175832446,76,36,206.420192879136,45.5706262406995,113.787171991181,31.1599315043547,130.945915751914,-0.0720880373446367,138.185725442892,1.3714859157246
"species",77,77,86.1220521756259,160.727116507914,211.623932068647,76,36,208.731211347388,50,146,23.7586747935569,87.7900777336807,0.284699456712801,251.604683453143,0.747253103087445
